sensor_kit_base_link:
  lidar:
    x: 0.000000
    y: 0.000000
    z: 0.000000
    roll: 0.000000
    pitch: 0.000000
    yaw: 0.000000
  zedxm_camera_link:
    x: -0.030364650149994368
    y: 0.10463870758507521
    z: -0.10047671811207715
    roll: -0.02233100028929886
    pitch: -0.03488869792395339
    yaw: 1.5829121807383153
  imu_link:
    x: 0.000000
    y: 0.000000
    z: -0.055
    roll: 0.000000
    pitch: 0.00000
    yaw: 0.000000
