sensor_kit_base_link:
  lidar:
    x: 0.000000
    y: 0.000000
    z: 0.000000
    roll: 0.000000
    pitch: 0.000000
    yaw: 0.000000
  zedxm_camera_link:
    x: 0.0
    y: 0.0
    z: 0.0
    roll: 0.0
    pitch: 0.0
    yaw: 0.0